677396249
243573266
395749451
200000000
000000000
000000000
000000000
000000000
000000000
-----------
indices:

  6   7   9  17  19  21  24  26  27
 28  31  33  36  37  39  40  43  45
 46  48  53  60  61  62  64  69  70
 71  34  78   8  25  29  41  44  52
 63  66  79  80   1  15  16  18  35
 38  47  49  50  51  10  13  20  30
 42  54  55  57  72  73   0   3   4
 12  22  23  32  58  65  67  68   2
 11  14  56  59  75   5  76  74  77
-----------
row_nums[j], col_nums[j], square_nums[j]:
  96 368 320
  68 334  32
 298   0 110
 270 292 374
 118  10 270
 308   0  52
 328 118   8
  27 105   0
   0 286 347

-----------
output: /home/florian/git/sudoku/scalalang/./src/test/resources/SOLUTION_one_sudoku.txt
